100395
100815
100956
100982
10106
101248
10184
101894
102121
102125
102527
102559
103014
103385
10339
103593
103730
10388
103994
104035
104083
104134
104168
105522
105740
10583
105881
105947
105990
106004
106789
107264
107389
107633
1080
108133
108177
108197
108387
108885
108913
109373
109704
110437
110528
110671
110689
110747
111321
111457
111520
111905
111968
112032
112171
112205
112262
112552
112564
112571
112638
112639
112675
112711
11276
112762
112791
112867
112876
112909
112914
11294
112992
113016
113052
113075
113109
113169
113187
113250
113265
113274
113429
113436
113454
11347
113486
113525
113526
113531
11359
113610
113628
11378
113815
113834
113899
113905
113927
114025
11406
114067
114215
114219
114224
114277
114328
114434
11458
114611
114616
114624
114683
114718
11472
114762
114862
114898
114958
115000
115026
115037
115049
115198
115220
115276
115285
115398
115399
115406
115408
115435
115436
115438
115574
115609
115627
115630
115673
115680
115754
115864
115908
115947
116011
116014
116169
116241
116315
116319
11633
116394
116411
116435
116443
116535
116545
116562
116566
116568
116588
116634
116684
116708
116725
116754
116762
116789
116821
116826
11687
116870
116898
116900
116902
116969
11698
117045
117178
117200
117208
117210
117218
117304
117306
11732
11733
117370
117375
117376
117531
117605
117635
117667
11767
117692
117731
117815
117830
117871
117912
117936
117983
11799
118054
118207
118216
118290
118307
118379
118499
118551
1186
11867
118684
11871
118713
118717
118730
118731
118744
118756
118808
118824
118831
118840
118850
118868
118906
118952
119024
119035
119097
119110
119184
119212
119271
119341
11942
119467
119505
119518
119523
119555
119571
119606
119610
119717
119746
119760
119950
1201
120102
120162
120281
120379
120408
120420
120479
120530
120582
120604
120633
120685
120800
120889
120890
120988
120998
121002
121088
121096
121108
121127
121134
121146
121149
121158
121190
121203
121219
121242
121260
121283
121284
121285
121290
121300
121312
121378
121399
121405
121553
121577
121578
121584
121611
121778
121919
121944
122016
122079
122081
122102
12213
122161
122181
122194
122195
122214
122247
122286
12231
122319
122329
1224
122457
122463
122580
1226
122624
122713
122741
122775
122807
122877
122881
122888
122907
122920
122921
123036
123040
123158
123185
123190
123214
123258
123300
123317
123339
123355
123426
123442
123568
123581
123634
123661
123665
123686
123701
123735
123783
12387
123913
123956
123995
124009
124019
12402
124021
124039
12407
124083
124089
124172
124266
124285
124313
124338
124374
124399
124426
124520
124522
124555
124611
12472
124816
124842
125012
125136
125151
12524
125328
125405
125413
125449
125456
125476
125549
12555
125565
125596
125619
125784
125789
125823
125873
125892
125945
12595
125997
126087
12612
126128
126164
126206
126224
126258
126373
126393
126501
126507
126663
126667
126760
126801
126818
126895
126925
126941
126981
127085
127120
127144
127158
12725
127263
127268
127286
127375
127461
12755
127582
127655
127666
127668
127716
127729
127758
12776
127778
127784
127787
127808
127830
127880
12793
1280
128012
128069
128170
128250
12852
128652
128674
128986
129355
129481
12955
129595
129942
130207
130317
130609
130635
130663
131984
131985
132019
132165
133925
134051
134256
134329
134615
134674
134706
134713
134907
134939
134972
135021
135045
135088
135171
135191
135223
135226
135307
135329
135346
135357
135369
13538
135520
135535
135603
135725
135769
135773
135830
135901
135945
135991
136088
136122
136231
136318
13636
136468
136495
136546
136694
136754
136773
13686
136910
136945
136956
137048
137162
137172
13734
137346
137449
137457
137512
137516
137539
137549
13755
137555
137578
137650
137669
137746
137758
137892
138001
138019
138041
138054
138114
138126
138296
138358
138381
138427
138503
138601
138768
138787
138809
138818
138887
13889
138942
138974
13902
139087
139093
139184
139241
139415
139497
139537
139551
139658
139684
13971
139829
13987
139883
139956
139987
14000
140235
140297
140405
140505
140519
140555
140559
140564
140594
140605
140614
140633
140743
140757
140758
140817
140882
140901
14091
141014
141096
141103
14114
14119
14126
141297
141298
141423
141616
141645
141687
141729
141738
141774
141820
141848
141900
141919
141991
142049
142057
142059
142223
142285
142293
14230
142351
142368
142396
142401
142455
142532
142606
142709
142757
1429
142912
142939
142947
142948
142964
143032
143045
143046
143077
143125
143129
14316
143191
143226
14324
143260
143299
143354
143404
143423
143449
143466
143495
143506
143613
143644
143647
143670
143702
143715
143776
143888
143903
14391
143919
143939
143951
14396
1440
144027
144143
144154
144158
144165
144259
14427
144293
144326
144344
144369
144407
144413
144428
144451
144458
144482
144495
144509
144531
144560
144584
144597
144600
144625
144631
144725
144798
144842
144916
14492
144932
144941
145029
145047
145064
145087
145093
145095
145127
145133
145169
145185
145213
145296
145329
145344
145361
145367
145371
145440
145497
145602
145607
145642
145684
145697
145729
145778
145793
145877
145907
145931
14595
145964
14601
146026
146097
146302
146342
146395
146535
146540
146567
146620
1467
146761
146773
1468
146823
146902
146914
146946
146955
146981
147040
147056
14708
147099
147126
147141
14726
147312
147410
147415
147427
147535
147581
147663
147775
147805
147818
14782
147823
147852
147856
147898
147912
147983
148003
148015
148048
148098
1481
148110
148161
148302
148330
148345
148383
14839
148431
148469
14863
14865
148659
148690
148717
148801
148804
148810
14885
148900
148960
148981
149057
14906
149092
149154
149185
149221
149245
149247
149250
149263
149266
14928
149341
149369
14937
149407
149453
149469
149476
149537
149688
149691
149740
149767
149811
149912
150012
150018
150149
15016
150167
150201
150211
150339
150416
150420
150448
150486
150558
150563
150704
150808
150845
150852
15087
150926
150987
150998
151033
151074
151078
151095
151098
151104
151192
15123
151237
151272
151287
151288
151314
151315
151375
151398
15142
151468
151485
151505
151519
151525
151540
151551
151556
151566
151647
151654
151658
151764
151781
15180
151805
151814
151887
151967
151977
152000
152005
152017
152031
152043
152097
15213
152130
152149
152154
15227
152273
152288
152423
152453
152491
152495
152505
152523
152720
152786
152833
152835
152836
152891
152904
153018
153025
153047
153048
153089
153090
15313
153132
153136
153176
153191
153296
153302
153346
153422
153484
153499
153523
153531
153612
153651
153699
15378
15380
153867
153917
15393
154012
154024
15408
154121
154124
154134
154141
15417
154182
15423
154231
154295
154353
154394
154411
154564
154568
154570
154606
15461
154643
154849
154866
154886
154917
154919
154950
154980
154997
155075
15508
155195
155261
155345
155401
155486
155494
155535
155541
155570
155684
155697
155725
155735
155737
155798
155892
155956
155961
156132
156164
156189
156355
156378
15660
156647
15680
156807
15685
156857
156908
156928
157044
157112
157246
157253
157283
157318
157337
157681
157684
157706
157756
157978
158197
158237
158350
158401
158567
15936
16103
16258
16304
166
16609
16664
17045
17117
17125
17509
17520
17591
17693
17733
17908
17953
18067
18224
18246
1836
18409
18546
18560
18833
18838
19199
19206
19305
19324
19341
19438
19462
19801
19875
19883
19995
2230
22382
22469
2254
22556
22569
22594
22628
22699
22723
22730
22793
2280
22835
22889
22892
22908
22925
22975
22997
23029
23030
23066
2313
23191
23290
23359
23419
23515
2366
23743
23856
23922
23938
24013
24147
24149
24178
24263
24354
24461
24488
24508
24559
24583
24605
24692
24828
24834
25001
25116
25170
25191
25216
25249
25440
25483
25511
25520
25531
25532
25582
2573
25757
25763
25804
25868
25893
25925
25933
25940
25968
26030
26186
26242
26260
26314
26340
26386
26393
26396
26439
2646
26493
26524
26575
26591
26607
26625
26631
2667
2669
26707
26839
26910
26938
26946
26972
27017
27307
27329
27338
2738
2739
27391
27524
27561
27651
27746
27851
27940
27945
27946
27958
27995
2811
28128
28245
2830
28328
28376
28387
28399
28487
28489
285
28515
28560
28605
28666
28724
28733
28781
28899
28996
2911
2917
29373
29401
29489
29607
29623
29655
29687
29704
29705
298
29984
29988
30006
30037
30120
30151
3016
3021
30239
30332
30424
30474
30498
30513
30547
30563
30598
30636
30733
30749
30781
30795
30966
310
31021
31116
31120
31155
31300
31391
31449
3145
31487
31638
31683
31690
31794
31826
31860
31935
31981
31984
31987
32044
3217
32284
32451
32454
32467
32493
32496
32524
32533
32538
32585
32633
32642
32880
32954
33028
33050
33062
33126
33148
33205
33285
33324
33529
33566
33730
33799
33805
33807
33888
33890
33980
34038
34102
34243
34268
34282
34313
34486
34524
34534
34557
34566
3471
34710
34722
34754
34803
34823
34830
34868
34993
35020
35075
35182
35284
35348
35369
35514
35578
357
35804
35837
3587
35937
35939
35950
35986
36063
36081
36179
36196
36300
36392
36425
36450
36485
36501
36623
36693
36722
36725
36740
36749
3679
36803
36927
37033
3704
37103
37182
3726
37267
37294
37426
37479
37602
37624
37667
37755
37835
37849
37919
38000
38040
38051
38055
38077
3820
38215
38247
38252
38269
38320
38355
38356
38421
38506
38713
38720
38735
38748
38933
38943
38974
38996
39003
39037
3920
39207
39215
39252
39253
39363
39367
39371
39400
39631
39654
39692
39754
39759
3981
39811
3982
40010
40030
40073
4008
40120
40165
40199
4023
40268
40282
40295
40317
40319
40531
40549
40612
40619
40654
40657
40683
40872
40906
41137
41202
41393
41655
41785
41863
41908
4209
42190
4263
42727
43362
43474
43505
45825
45853
45854
45968
46460
46678
46711
46735
46787
46911
46931
47951
48310
48315
48617
48805
48822
49061
49197
49735
50060
50122
50195
50244
50377
50387
50560
50813
50838
50918
50921
51027
51257
51717
51722
51783
51891
52317
52371
5246
52470
52547
52757
52923
53077
53099
53508
53615
54061
54148
54434
54555
54708
54778
54787
54982
55120
55243
55374
55435
55454
55462
5550
55530
55573
55661
55752
55787
55822
55931
55937
55975
56022
56062
56153
56197
56605
56675
56723
56828
56855
57059
57955
58152
58153
58598
5870
5881
58873
58886
58926
58930
59032
59041
59085
59117
59184
59210
59217
59345
59372
59390
59430
59492
59493
59509
59512
5953
59588
59593
59600
59622
59645
59696
59705
59766
59782
59805
59865
59885
59933
59990
60044
60074
60091
60095
60106
60330
60358
60399
60452
6049
60490
60502
60541
60552
60608
60609
6067
6069
60705
60739
60788
60802
6084
60859
60883
60960
60975
61
61004
61034
61159
61191
61227
61291
61306
61362
61410
61433
61530
61606
61614
6165
61794
6183
61864
61867
61907
61914
61926
61939
61977
61980
62002
62023
62032
62127
62142
62143
62144
62145
62195
62198
62221
62234
62313
62328
62347
6236
62367
62437
62485
62495
62548
62597
62601
62609
62637
62759
6277
62780
62851
62895
62923
62983
63266
63303
63383
63399
63467
63499
63515
63550
6367
6381
63837
63893
63903
63930
6408
64101
64102
64131
64151
64169
64225
64359
64360
64384
64385
64429
64456
64492
64533
64643
64717
64746
64894
64898
64919
64953
64959
65040
65108
65110
65116
65260
65363
65379
65408
65415
65430
65512
65517
65522
65552
65558
65564
65591
65647
65764
65770
65812
65825
65966
65970
65971
66033
66048
66063
66102
6612
6614
66143
6616
66237
663
66379
66390
66399
66409
66419
66447
66449
66450
66466
66501
66508
66556
6658
66619
66636
66710
66756
66836
690
6905
73541
73543
73546
73562
73611
73677
73774
73790
73830
73851
73943
73982
74025
7403
7406
74087
7410
74116
74126
74252
74305
74576
74608
74622
74631
74643
74646
74650
74696
74734
74764
74767
74771
74829
74852
74862
74896
74936
74940
74954
74982
74993
75048
75061
75093
75122
75147
75153
75262
75278
7529
75461
75471
75494
75510
75548
75588
75606
7564
75757
75798
75839
75842
75960
75975
7598
76010
76083
7613
76223
76278
76286
76310
76422
76474
76578
76600
7666
76660
76670
76687
76709
76874
76878
76910
77101
77111
77130
77150
77169
77184
77224
77228
77242
77273
77308
77331
77334
77340
77361
77391
77436
77472
77528
77576
77586
77609
77612
77661
77671
77694
77720
77759
77771
77774
77777
77842
77845
77907
77977
78001
78010
78016
78035
78048
78075
7808
78085
78293
78302
78347
78443
78445
78576
78607
7867
78672
78780
78787
78812
78939
79116
79160
79174
79310
79388
79419
79427
79446
79484
79675
79711
79733
79765
7978
79863
79894
79940
79970
79979
79993
80118
80167
80195
8021
80235
80267
80269
80277
80288
80302
80349
8038
80382
80405
80476
80512
80595
8062
80645
80649
80727
80737
80773
80788
8082
80850
80943
80979
81015
81034
81059
81107
81133
81153
81164
81166
81211
81227
81315
8134
81399
81405
81414
81456
81469
81499
81632
81641
81727
81728
81765
8180
81800
81995
82013
8202
82023
82147
82159
82190
82209
82247
82248
82261
82262
82306
82325
82332
8235
82399
82408
82481
82523
82580
82637
82695
8273
82745
82763
82874
82968
82973
82981
8299
82998
83014
83069
83151
83183
83230
83386
83392
83536
83543
83584
83601
83607
83643
83644
83736
83745
83763
8377
83790
83814
83861
83891
83892
83935
83971
83988
84018
8402
84021
84051
84057
84116
84121
84122
84129
84176
84179
84290
84317
84345
84358
84443
84456
84478
84539
84545
84587
84602
84615
84634
84636
8477
84804
84827
8483
84912
84940
85048
85082
85100
85165
85229
85267
85295
85298
85304
85370
8540
85404
85419
8542
85484
85534
8564
85670
85713
85715
85778
8586
86021
86029
86083
86106
86267
8628
86336
86344
86348
86366
8645
86503
86510
86517
86529
86732
86885
86936
86974
87267
87536
876
87984
88022
88260
88302
88355
88572
88679
89021
89492
89517
89686
8981
8998
90135
90194
90788
90837
90872
9088
90914
91044
91158
91331
91386
9177
9184
92022
92256
92481
92627
92681
92786
92872
9295
92958
93440
93441
93696
93769
93787
93877
939
93959
93979
94083
94459
94507
9452
94700
94922
95078
95287
95312
95313
95403
95720
95823
95920
95947
96012
96133
96475
96776
96896
97154
97202
97227
97422
97432
97436
97682
97818
98238
Add-a-blank-page-0
Add-a-check-mark-picture-in-Word-0
Add-a-drawing-to-a-document-0
add-a-new-font-0
Add-a-PDF-to-a-document-0
Add-a-table-of-contents-0
Add-a-title-to-a-document-0
Add-a-watermark-0
Add-field-0
Add-Japanese-postal-barcodes-to-your-bulk-0
Add-or-delete-bookmarks-in-a-Word-documen-0
Add-or-delete-bookmarks-in-a-Word-documen-3
Add-or-remove-strikethrough-formatting-0
Add-page-borders-0
Convert-text-to-a-table-or-a-table-to-tex-0
Delete-a-blank-page-0
Discontinued-features-and-changed-functio-10
edit-a-watermark-0
Enable-editing-in-your-document-0
Field-codes-Database-field-0
Find-and-replace-text-0
Print-return-address-labels-0
Rename-field-0
The-placeholders-in-my-equation-disappear-0
Track-Changes-Options-dialog-0
Translate-text-0
Troubleshoot-bookmarks-0
Troubleshoot-common-coauthoring-errors-0
Turn-spell-check-on-or-off-0
Turn-track-changes-on-or-off-0
Understand-acronyms-in-Word-documents-0
Use-a-pen-0
Use-accessibility-checker-0
Use-fields-to-insert-word-count-in-your-d-0
Use-mail-merge-for-bulk-email-letters-lab-0
Use-mail-merge-to-send-bulk-email-message-0
Use-Rewrite-to-say-it-differently-0
Use-the-Avery-Wizard-0
Use-the-eraser-0
Write-a-newsletter-0